# Primary central values:
#		 ratio:         Yp        D/H      He3/H      Li7/H      Li6/H      Be7/H
#		   low:  2.464e-01  2.451e-05  4.345e-06  1.862e-10  3.514e-14  1.763e-10
#		  cent:  2.464e-01  2.509e-05  1.014e-05  4.682e-10  1.090e-14  4.423e-10
#		  high:  2.465e-01  2.575e-05  1.081e-05  5.005e-10  1.689e-15  4.164e-10
#
# With uncertainties:
#		 ratio:         Yp        D/H      He3/H      Li7/H      Li6/H      Be7/H
#		  cent:  2.464e-01  2.509e-05  1.014e-05  4.682e-10  1.090e-14  4.423e-10
#		   +/-:  2.997e-05  4.357e-07  4.490e-07  3.348e-11  9.460e-15  3.233e-11
# Compatible with BBN constraints.
#
# Gnuplot formated bounded range.
#   Fierz b     Yp min     Yp max    D/H min    D/H max  He3/H min  He3/H max  Li7/H min  Li7/H max  Li6/H min  Li6/H max  Be7/H min  Be7/H max
  -0.200000  2.288e-01  2.289e-01  2.370e-05  2.460e-05  9.558e-06  1.045e-05  4.134e-10  4.770e-10  1.256e-15  1.781e-14  3.915e-10  4.531e-10
  -0.190000  2.297e-01  2.298e-01  2.374e-05  2.466e-05  9.565e-06  1.046e-05  4.146e-10  4.783e-10  1.262e-15  1.794e-14  3.925e-10  4.542e-10
  -0.180000  2.307e-01  2.307e-01  2.380e-05  2.470e-05  9.573e-06  1.046e-05  4.157e-10  4.796e-10  1.273e-15  1.807e-14  3.935e-10  4.554e-10
  -0.170000  2.316e-01  2.316e-01  2.386e-05  2.474e-05  9.578e-06  1.047e-05  4.168e-10  4.810e-10  1.284e-15  1.820e-14  3.945e-10  4.566e-10
  -0.160000  2.325e-01  2.326e-01  2.391e-05  2.478e-05  9.586e-06  1.048e-05  4.179e-10  4.822e-10  1.294e-15  1.832e-14  3.954e-10  4.577e-10
  -0.150000  2.334e-01  2.335e-01  2.395e-05  2.483e-05  9.593e-06  1.049e-05  4.191e-10  4.835e-10  1.303e-15  1.845e-14  3.964e-10  4.589e-10
  -0.140000  2.343e-01  2.344e-01  2.400e-05  2.488e-05  9.600e-06  1.049e-05  4.202e-10  4.848e-10  1.312e-15  1.858e-14  3.973e-10  4.600e-10
  -0.130000  2.352e-01  2.353e-01  2.405e-05  2.492e-05  9.607e-06  1.050e-05  4.212e-10  4.861e-10  1.321e-15  1.871e-14  3.983e-10  4.611e-10
  -0.120000  2.361e-01  2.361e-01  2.412e-05  2.496e-05  9.616e-06  1.051e-05  4.221e-10  4.875e-10  1.331e-15  1.884e-14  3.991e-10  4.622e-10
  -0.110000  2.370e-01  2.370e-01  2.416e-05  2.501e-05  9.622e-06  1.051e-05  4.227e-10  4.892e-10  1.339e-15  1.897e-14  3.997e-10  4.636e-10
  -0.100000  2.379e-01  2.379e-01  2.421e-05  2.505e-05  9.629e-06  1.052e-05  4.240e-10  4.901e-10  1.350e-15  1.909e-14  4.009e-10  4.644e-10
  -0.090000  2.387e-01  2.388e-01  2.426e-05  2.510e-05  9.637e-06  1.053e-05  4.253e-10  4.911e-10  1.352e-15  1.923e-14  4.020e-10  4.653e-10
  -0.080000  2.396e-01  2.396e-01  2.430e-05  2.515e-05  9.643e-06  1.054e-05  4.264e-10  4.922e-10  1.370e-15  1.935e-14  4.028e-10  4.663e-10
  -0.070000  2.405e-01  2.405e-01  2.432e-05  2.522e-05  9.649e-06  1.054e-05  4.274e-10  4.934e-10  1.380e-15  1.948e-14  4.037e-10  4.674e-10
  -0.060000  2.413e-01  2.414e-01  2.438e-05  2.525e-05  9.656e-06  1.055e-05  4.284e-10  4.946e-10  1.389e-15  1.960e-14  4.045e-10  4.684e-10
  -0.050000  2.422e-01  2.422e-01  2.443e-05  2.530e-05  9.663e-06  1.056e-05  4.294e-10  4.958e-10  1.398e-15  1.973e-14  4.054e-10  4.694e-10
  -0.040000  2.430e-01  2.431e-01  2.446e-05  2.536e-05  9.670e-06  1.056e-05  4.302e-10  4.971e-10  1.406e-15  1.986e-14  4.061e-10  4.706e-10
  -0.030000  2.438e-01  2.439e-01  2.452e-05  2.539e-05  9.677e-06  1.057e-05  4.313e-10  4.981e-10  1.413e-15  1.999e-14  4.071e-10  4.714e-10
  -0.020000  2.447e-01  2.447e-01  2.457e-05  2.543e-05  9.683e-06  1.058e-05  4.324e-10  4.991e-10  1.423e-15  2.011e-14  4.079e-10  4.723e-10
  -0.010000  2.455e-01  2.456e-01  2.461e-05  2.549e-05  9.689e-06  1.059e-05  4.334e-10  5.002e-10  1.432e-15  2.024e-14  4.088e-10  4.732e-10
   0.000000  2.463e-01  2.464e-01  2.466e-05  2.553e-05  9.696e-06  1.059e-05  4.344e-10  5.012e-10  1.443e-15  2.036e-14  4.096e-10  4.741e-10
   0.010000  2.472e-01  2.472e-01  2.470e-05  2.557e-05  9.702e-06  1.060e-05  4.353e-10  5.023e-10  1.452e-15  2.049e-14  4.104e-10  4.751e-10
   0.020000  2.480e-01  2.480e-01  2.474e-05  2.563e-05  9.709e-06  1.061e-05  4.362e-10  5.035e-10  1.462e-15  2.062e-14  4.111e-10  4.761e-10
   0.030000  2.488e-01  2.488e-01  2.478e-05  2.568e-05  9.716e-06  1.061e-05  4.370e-10  5.046e-10  1.471e-15  2.074e-14  4.118e-10  4.770e-10
   0.040000  2.496e-01  2.496e-01  2.483e-05  2.572e-05  9.722e-06  1.062e-05  4.380e-10  5.056e-10  1.480e-15  2.087e-14  4.126e-10  4.779e-10
   0.050000  2.504e-01  2.504e-01  2.487e-05  2.576e-05  9.729e-06  1.063e-05  4.389e-10  5.066e-10  1.489e-15  2.099e-14  4.134e-10  4.788e-10
   0.060000  2.512e-01  2.512e-01  2.492e-05  2.580e-05  9.735e-06  1.063e-05  4.398e-10  5.076e-10  1.498e-15  2.112e-14  4.142e-10  4.796e-10
   0.070000  2.520e-01  2.520e-01  2.496e-05  2.585e-05  9.742e-06  1.064e-05  4.407e-10  5.087e-10  1.507e-15  2.124e-14  4.149e-10  4.805e-10
   0.080000  2.528e-01  2.528e-01  2.501e-05  2.589e-05  9.748e-06  1.065e-05  4.415e-10  5.097e-10  1.516e-15  2.137e-14  4.156e-10  4.814e-10
   0.090000  2.535e-01  2.536e-01  2.506e-05  2.593e-05  9.754e-06  1.065e-05  4.424e-10  5.107e-10  1.525e-15  2.149e-14  4.164e-10  4.822e-10
   0.100000  2.543e-01  2.544e-01  2.511e-05  2.597e-05  9.761e-06  1.066e-05  4.433e-10  5.116e-10  1.534e-15  2.162e-14  4.172e-10  4.830e-10
   0.110000  2.551e-01  2.551e-01  2.515e-05  2.602e-05  9.767e-06  1.067e-05  4.442e-10  5.126e-10  1.543e-15  2.174e-14  4.179e-10  4.838e-10
   0.120000  2.559e-01  2.559e-01  2.519e-05  2.606e-05  9.774e-06  1.067e-05  4.451e-10  5.135e-10  1.552e-15  2.187e-14  4.186e-10  4.846e-10
   0.130000  2.566e-01  2.567e-01  2.523e-05  2.611e-05  9.780e-06  1.068e-05  4.459e-10  5.145e-10  1.561e-15  2.199e-14  4.194e-10  4.854e-10
   0.140000  2.574e-01  2.574e-01  2.528e-05  2.615e-05  9.786e-06  1.069e-05  4.468e-10  5.154e-10  1.570e-15  2.212e-14  4.200e-10  4.862e-10
   0.150000  2.581e-01  2.582e-01  2.532e-05  2.620e-05  9.793e-06  1.069e-05  4.476e-10  5.164e-10  1.579e-15  2.224e-14  4.207e-10  4.870e-10
   0.160000  2.589e-01  2.589e-01  2.536e-05  2.624e-05  9.799e-06  1.070e-05  4.484e-10  5.173e-10  1.588e-15  2.237e-14  4.214e-10  4.878e-10
   0.170000  2.596e-01  2.597e-01  2.540e-05  2.628e-05  9.805e-06  1.071e-05  4.491e-10  5.183e-10  1.596e-15  2.249e-14  4.220e-10  4.885e-10
   0.180000  2.604e-01  2.604e-01  2.544e-05  2.633e-05  9.811e-06  1.071e-05  4.499e-10  5.192e-10  1.605e-15  2.261e-14  4.227e-10  4.893e-10
   0.190000  2.611e-01  2.612e-01  2.549e-05  2.637e-05  9.817e-06  1.072e-05  4.507e-10  5.201e-10  1.614e-15  2.274e-14  4.234e-10  4.901e-10
